NODE: 0 39.018253 1 2 2 4 462258598 0.000000 -1219024192 
NODE: 48 2.628840 49 44 6 4 1151080603 0.000000 -1218180416 
NODE: 48 17.308337 49 19 7 6 776578641 0.000000 -1218180416 
NODE: 48 27.038749 49 44 8 10 -1230259206 0.000000 -1218180416 
NODE: 48 29.046614 49 21 8 12 1962111740 0.000000 -1218180416 
NODE: 48 37.855385 49 0 6 14 1034409710 0.000000 -1218180416 
NODE: 24 44.161917 49 30 2 16 -1242889409 0.000000 -1218180416 
NODE: 24 44.161917 48 17 5 16 618702662 0.000000 -1218180416 
NODE: 24 47.567142 49 33 2 18 433592359 0.000000 -1218180416 
NODE: 24 47.567142 48 17 5 16 618702662 0.000000 -1218180416 
NODE: 48 60.839349 24 0 4 18 -1748493332 0.000000 -1218180416 
NODE: 48 60.839349 49 0 7 18 -428831885 0.000000 -1218180416 
NODE: 48 60.857502 24 0 4 18 -1748493332 0.000000 -1218180416 
NODE: 48 60.857502 49 0 6 18 1318315452 0.000000 -1218180416 
NODE: 48 61.778472 24 0 4 18 -1748493332 0.000000 -1218180416 
NODE: 48 61.778472 49 0 6 20 2091857056 0.000000 -1218180416 
NODE: 24 62.010414 49 26 4 20 -1609480560 0.000000 -1218180416 
NODE: 24 62.010414 48 26 4 20 -725092255 0.000000 -1218180416 
NODE: 24 62.015227 49 9 3 20 2037404260 0.000000 -1218180416 
NODE: 24 62.015227 48 26 4 20 -725092255 0.000000 -1218180416 
NODE: 33 71.466955 49 36 2 22 -1746453735 0.000000 -1218180416 
NODE: 33 71.466955 24 0 255 21 0 0.000000 -1218180416 
NODE: 33 71.466955 48 9 5 20 -1394176820 0.000000 -1218180416 
NODE: 48 75.228540 24 0 255 19 0 0.000000 -1218180416 
NODE: 48 75.228540 49 0 6 26 1748973741 0.000000 -1218180416 
NODE: 48 77.798930 24 0 255 19 0 0.000000 -1218180416 
NODE: 48 77.798930 49 0 8 28 -1397090652 0.000000 -1218180416 
NODE: 48 80.987159 24 0 255 19 0 0.000000 -1218180416 
NODE: 48 80.987159 49 0 6 30 -1653334226 0.000000 -1218180416 
NODE: 1 102.336757 33 0 255 5 0 0.000000 -1218180416 
NODE: 1 102.336757 49 25 2 32 1804808956 0.000000 -1218180416 
NODE: 1 102.336757 24 0 255 21 0 0.000000 -1218180416 
NODE: 1 102.336757 48 0 255 27 0 0.000000 -1218180416 
NODE: 33 103.329397 1 1 1 4 -2139562691 0.000000 -1218180416 
NODE: 33 103.329397 49 6 4 32 -693230636 0.000000 -1218180416 
NODE: 33 103.329397 24 0 255 21 0 0.000000 -1218180416 
NODE: 33 103.329397 48 0 255 27 0 0.000000 -1218180416 
NODE: 33 103.357525 1 1 1 4 -2139562691 0.000000 -1218180416 
NODE: 33 103.357525 49 6 3 34 -1363733631 0.000000 -1218180416 
NODE: 33 103.357525 24 0 255 21 0 0.000000 -1218180416 
NODE: 33 103.357525 48 0 255 27 0 0.000000 -1218180416 
NODE: 6 112.041625 49 34 2 38 -57064736 0.000000 -1218180416 
NODE: 6 112.041625 1 0 255 5 0 0.000000 -1218180416 
NODE: 6 112.041625 33 33 1 6 -1894472604 0.000000 -1218180416 
NODE: 6 112.041625 24 0 255 21 0 0.000000 -1218180416 
NODE: 6 112.041625 48 0 255 27 0 0.000000 -1218180416 
NODE: 6 122.015116 49 13 2 40 -733875568 0.000000 -1218180416 
NODE: 6 122.015116 1 0 255 5 0 0.000000 -1218180416 
NODE: 6 122.015116 33 0 255 7 0 0.000000 -1218180416 
NODE: 6 122.015116 24 0 255 21 0 0.000000 -1218180416 
NODE: 6 122.015116 48 0 255 27 0 0.000000 -1218180416 
NODE: 48 126.522830 6 26 5 8 -660545732 0.000000 -1218180416 
NODE: 48 126.522830 24 0 255 19 0 0.000000 -1218180416 
NODE: 48 126.522830 49 26 7 40 104927056 0.000000 -1218180416 
NODE: 48 126.549694 6 26 5 8 -660545732 0.000000 -1218180416 
NODE: 48 126.549694 24 0 255 19 0 0.000000 -1218180416 
NODE: 48 126.549694 49 26 7 42 409986846 0.000000 -1218180416 
NODE: 35 131.580910 49 9 4 44 -784285068 0.000000 -1218180416 
NODE: 35 131.580910 6 0 255 9 0 0.000000 -1218180416 
NODE: 35 131.580910 1 0 255 5 0 0.000000 -1218180416 
NODE: 35 131.580910 33 0 255 7 0 0.000000 -1218180416 
NODE: 35 131.580910 24 0 255 21 0 0.000000 -1218180416 
NODE: 35 131.580910 48 39 4 28 -1983192804 0.000000 -1218180416 
NODE: 34 132.251311 35 13 3 4 609151983 0.000000 -1218180416 
NODE: 34 132.251311 49 25 2 46 -1121312218 0.000000 -1218180416 
NODE: 34 132.251311 6 0 255 9 0 0.000000 -1218180416 
NODE: 34 132.251311 1 0 255 5 0 0.000000 -1218180416 
NODE: 34 132.251311 33 0 255 7 0 0.000000 -1218180416 
NODE: 34 132.251311 24 0 255 21 0 0.000000 -1218180416 
NODE: 34 132.251311 48 38 7 28 -1598709595 0.000000 -1218180416 
NODE: 34 132.857380 35 13 3 4 609151983 0.000000 -1218180416 
NODE: 34 132.857380 49 31 3 48 -1470769472 0.000000 -1218180416 
NODE: 34 132.857380 6 0 255 9 0 0.000000 -1218180416 
NODE: 34 132.857380 1 0 255 5 0 0.000000 -1218180416 
NODE: 34 132.857380 33 0 255 7 0 0.000000 -1218180416 
NODE: 34 132.857380 24 0 255 21 0 0.000000 -1218180416 
NODE: 34 132.857380 48 0 255 29 0 0.000000 -1218180416 
NODE: 48 136.435814 6 0 255 9 0 0.000000 -1218180416 
NODE: 48 136.435814 24 0 255 19 0 0.000000 -1218180416 
NODE: 48 136.435814 49 2 7 48 805891488 0.000000 -1218180416 
NODE: 48 140.778418 6 0 255 9 0 0.000000 -1218180416 
NODE: 48 140.778418 24 0 255 19 0 0.000000 -1218180416 
NODE: 48 140.778418 49 0 6 50 -844051602 0.000000 -1218180416 
NODE: 40 140.838082 34 31 2 6 12039245 0.000000 -1218180416 
NODE: 40 140.838082 35 0 255 5 0 0.000000 -1218180416 
NODE: 40 140.838082 6 0 255 9 0 0.000000 -1218180416 
NODE: 40 140.838082 1 0 255 5 0 0.000000 -1218180416 
NODE: 40 140.838082 49 25 2 52 -1853190033 0.000000 -1218180416 
NODE: 40 140.838082 33 0 255 7 0 0.000000 -1218180416 
NODE: 40 140.838082 24 0 255 21 0 0.000000 -1218180416 
NODE: 40 140.838082 48 9 5 34 1293882302 0.000000 -1218180416 
NODE: 48 145.998371 40 0 6 16 1749216186 0.000000 -1218180416 
NODE: 48 145.998371 6 0 255 9 0 0.000000 -1218180416 
NODE: 48 145.998371 24 0 255 19 0 0.000000 -1218180416 
NODE: 48 145.998371 49 0 7 52 1046868 0.000000 -1218180416 
NODE: 48 156.089393 40 0 255 17 0 0.000000 -1218180416 
NODE: 48 156.089393 6 0 255 9 0 0.000000 -1218180416 
NODE: 48 156.089393 24 0 255 19 0 0.000000 -1218180416 
NODE: 48 156.089393 49 26 7 54 1307131988 0.000000 -1218180416 
NODE: 48 158.217501 40 0 255 17 0 0.000000 -1218180416 
NODE: 48 158.217501 6 0 255 9 0 0.000000 -1218180416 
NODE: 48 158.217501 24 0 255 19 0 0.000000 -1218180416 
NODE: 48 158.217501 49 26 8 56 -1003896068 0.000000 -1218180416 
NODE: 40 178.626190 34 0 255 7 0 0.000000 -1218180416 
NODE: 40 178.626190 35 0 255 5 0 0.000000 -1218180416 
NODE: 40 178.626190 6 0 255 9 0 0.000000 -1218180416 
NODE: 40 178.626190 1 0 255 5 0 0.000000 -1218180416 
NODE: 40 178.626190 49 8 2 58 -1081153544 0.000000 -1218180416 
NODE: 40 178.626190 33 0 255 7 0 0.000000 -1218180416 
NODE: 40 178.626190 24 0 255 21 0 0.000000 -1218180416 
NODE: 40 178.626190 48 0 255 47 0 0.000000 -1218180416 
NODE: 8 186.536252 40 40 1 18 -46687240 0.000000 -1218180416 
NODE: 8 186.536252 34 0 255 7 0 0.000000 -1218180416 
NODE: 8 186.536252 35 0 255 5 0 0.000000 -1218180416 
NODE: 8 186.536252 6 0 255 9 0 0.000000 -1218180416 
NODE: 8 186.536252 1 0 255 5 0 0.000000 -1218180416 
NODE: 8 186.536252 33 0 255 7 0 0.000000 -1218180416 
NODE: 8 186.536252 49 44 2 62 -106541937 0.000000 -1218180416 
NODE: 8 186.536252 24 0 255 21 0 0.000000 -1218180416 
NODE: 8 186.536252 48 0 255 47 0 0.000000 -1218180416 
NODE: 0 39.018253 1 2 2 4 462258598 0.000000 -1218528576 
NODE: 0 39.018253 1 2 2 4 462258598 0.000000 -1218946368 
NODE: 0 39.018253 1 2 2 4 462258598 0.000000 -1218057536 
NODE: 0 39.018253 1 2 2 4 462258598 0.000000 -1218610496 
NODE: 0 39.018253 1 2 2 4 462258598 0.000000 -1218123072 
NODE: 0 39.018253 1 2 2 4 462258598 0.000000 -1218348352 
NODE: 0 39.018253 1 2 2 4 462258598 0.000000 -1218721088 
NODE: 0 39.018253 1 2 2 4 462258598 0.000000 -1218655552 
NODE: 0 39.018253 1 2 2 4 462258598 0.000000 -1219003712 
NODE: 0 39.018253 1 2 2 4 462258598 0.000000 -1218068480 
NODE: 0 39.018253 1 2 2 4 462258598 0.000000 -1218282816 
NODE: 48 2.628840 49 44 6 4 1151080603 0.000000 -1218703360 
NODE: 48 17.308337 49 19 7 6 776578641 0.000000 -1218703360 
NODE: 48 27.038749 49 44 8 10 -1230259206 0.000000 -1218703360 
NODE: 48 29.046614 49 21 8 12 1962111740 0.000000 -1218703360 
NODE: 48 37.855385 49 0 6 14 1034409710 0.000000 -1218703360 
NODE: 24 44.161917 49 30 2 16 -1242889409 0.000000 -1218703360 
NODE: 24 44.161917 48 17 5 16 618702662 0.000000 -1218703360 
NODE: 24 47.567142 49 33 2 18 433592359 0.000000 -1218703360 
NODE: 24 47.567142 48 17 5 16 618702662 0.000000 -1218703360 
NODE: 48 60.839349 24 0 4 18 -1748493332 0.000000 -1218703360 
NODE: 48 60.839349 49 0 7 18 -428831885 0.000000 -1218703360 
NODE: 48 60.857502 24 0 4 18 -1748493332 0.000000 -1218703360 
NODE: 48 60.857502 49 0 6 18 1318315452 0.000000 -1218703360 
NODE: 48 61.778472 24 0 4 18 -1748493332 0.000000 -1218703360 
NODE: 48 61.778472 49 0 6 20 2091857056 0.000000 -1218703360 
NODE: 24 62.010414 49 26 4 20 -1609480560 0.000000 -1218703360 
NODE: 24 62.010414 48 26 4 20 -725092255 0.000000 -1218703360 
NODE: 24 62.015227 49 9 3 20 2037404260 0.000000 -1218703360 
NODE: 24 62.015227 48 26 4 20 -725092255 0.000000 -1218703360 
NODE: 33 71.466955 49 36 2 22 -1746453735 0.000000 -1218703360 
NODE: 33 71.466955 24 0 255 21 0 0.000000 -1218703360 
NODE: 33 71.466955 48 9 5 20 -1394176820 0.000000 -1218703360 
NODE: 48 75.228540 24 0 255 19 0 0.000000 -1218703360 
NODE: 48 75.228540 49 0 6 26 1748973741 0.000000 -1218703360 
NODE: 48 77.798930 24 0 255 19 0 0.000000 -1218703360 
NODE: 48 77.798930 49 0 8 28 -1397090652 0.000000 -1218703360 
NODE: 48 80.987159 24 0 255 19 0 0.000000 -1218703360 
NODE: 48 80.987159 49 0 6 30 -1653334226 0.000000 -1218703360 
NODE: 1 102.336757 33 0 255 5 0 0.000000 -1218703360 
NODE: 1 102.336757 49 25 2 32 1804808956 0.000000 -1218703360 
NODE: 1 102.336757 24 0 255 21 0 0.000000 -1218703360 
NODE: 1 102.336757 48 0 255 27 0 0.000000 -1218703360 
NODE: 33 103.329397 1 1 1 4 -2139562691 0.000000 -1218703360 
NODE: 33 103.329397 49 6 4 32 -693230636 0.000000 -1218703360 
NODE: 33 103.329397 24 0 255 21 0 0.000000 -1218703360 
NODE: 33 103.329397 48 0 255 27 0 0.000000 -1218703360 
NODE: 33 103.357525 1 1 1 4 -2139562691 0.000000 -1218703360 
NODE: 33 103.357525 49 6 3 34 -1363733631 0.000000 -1218703360 
NODE: 33 103.357525 24 0 255 21 0 0.000000 -1218703360 
NODE: 33 103.357525 48 0 255 27 0 0.000000 -1218703360 
NODE: 6 112.041625 49 34 2 38 -57064736 0.000000 -1218703360 
NODE: 6 112.041625 1 0 255 5 0 0.000000 -1218703360 
NODE: 6 112.041625 33 33 1 6 -1894472604 0.000000 -1218703360 
NODE: 6 112.041625 24 0 255 21 0 0.000000 -1218703360 
NODE: 6 112.041625 48 0 255 27 0 0.000000 -1218703360 
NODE: 6 122.015116 49 13 2 40 -733875568 0.000000 -1218703360 
NODE: 6 122.015116 1 0 255 5 0 0.000000 -1218703360 
NODE: 6 122.015116 33 0 255 7 0 0.000000 -1218703360 
NODE: 6 122.015116 24 0 255 21 0 0.000000 -1218703360 
NODE: 6 122.015116 48 0 255 27 0 0.000000 -1218703360 
NODE: 48 126.522830 6 26 5 8 -660545732 0.000000 -1218703360 
NODE: 48 126.522830 24 0 255 19 0 0.000000 -1218703360 
NODE: 48 126.522830 49 26 7 40 104927056 0.000000 -1218703360 
NODE: 48 126.549694 6 26 5 8 -660545732 0.000000 -1218703360 
NODE: 48 126.549694 24 0 255 19 0 0.000000 -1218703360 
NODE: 48 126.549694 49 26 7 42 409986846 0.000000 -1218703360 
NODE: 35 131.580910 49 9 4 44 -784285068 0.000000 -1218703360 
NODE: 35 131.580910 6 0 255 9 0 0.000000 -1218703360 
NODE: 35 131.580910 1 0 255 5 0 0.000000 -1218703360 
NODE: 35 131.580910 33 0 255 7 0 0.000000 -1218703360 
NODE: 35 131.580910 24 0 255 21 0 0.000000 -1218703360 
NODE: 35 131.580910 48 39 4 28 -1983192804 0.000000 -1218703360 
NODE: 34 132.251311 35 13 3 4 609151983 0.000000 -1218703360 
NODE: 34 132.251311 49 25 2 46 -1121312218 0.000000 -1218703360 
NODE: 34 132.251311 6 0 255 9 0 0.000000 -1218703360 
NODE: 34 132.251311 1 0 255 5 0 0.000000 -1218703360 
NODE: 34 132.251311 33 0 255 7 0 0.000000 -1218703360 
NODE: 34 132.251311 24 0 255 21 0 0.000000 -1218703360 
NODE: 34 132.251311 48 38 7 28 -1598709595 0.000000 -1218703360 
NODE: 34 132.857380 35 13 3 4 609151983 0.000000 -1218703360 
NODE: 34 132.857380 49 31 3 48 -1470769472 0.000000 -1218703360 
NODE: 34 132.857380 6 0 255 9 0 0.000000 -1218703360 
NODE: 34 132.857380 1 0 255 5 0 0.000000 -1218703360 
NODE: 34 132.857380 33 0 255 7 0 0.000000 -1218703360 
NODE: 34 132.857380 24 0 255 21 0 0.000000 -1218703360 
NODE: 34 132.857380 48 0 255 29 0 0.000000 -1218703360 
NODE: 48 136.435814 6 0 255 9 0 0.000000 -1218703360 
NODE: 48 136.435814 24 0 255 19 0 0.000000 -1218703360 
NODE: 48 136.435814 49 2 7 48 805891488 0.000000 -1218703360 
NODE: 48 140.778418 6 0 255 9 0 0.000000 -1218703360 
NODE: 48 140.778418 24 0 255 19 0 0.000000 -1218703360 
NODE: 48 140.778418 49 0 6 50 -844051602 0.000000 -1218703360 
NODE: 40 140.838082 34 31 2 6 12039245 0.000000 -1218703360 
NODE: 40 140.838082 35 0 255 5 0 0.000000 -1218703360 
NODE: 40 140.838082 6 0 255 9 0 0.000000 -1218703360 
NODE: 40 140.838082 1 0 255 5 0 0.000000 -1218703360 
NODE: 40 140.838082 49 25 2 52 -1853190033 0.000000 -1218703360 
NODE: 40 140.838082 33 0 255 7 0 0.000000 -1218703360 
NODE: 40 140.838082 24 0 255 21 0 0.000000 -1218703360 
NODE: 40 140.838082 48 9 5 34 1293882302 0.000000 -1218703360 
NODE: 48 145.998371 40 0 6 16 1749216186 0.000000 -1218703360 
NODE: 48 145.998371 6 0 255 9 0 0.000000 -1218703360 
NODE: 48 145.998371 24 0 255 19 0 0.000000 -1218703360 
NODE: 48 145.998371 49 0 7 52 1046868 0.000000 -1218703360 
NODE: 48 156.089393 40 0 255 17 0 0.000000 -1218703360 
NODE: 48 156.089393 6 0 255 9 0 0.000000 -1218703360 
NODE: 48 156.089393 24 0 255 19 0 0.000000 -1218703360 
NODE: 48 156.089393 49 26 7 54 1307131988 0.000000 -1218703360 
NODE: 48 158.217501 40 0 255 17 0 0.000000 -1218703360 
NODE: 48 158.217501 6 0 255 9 0 0.000000 -1218703360 
NODE: 48 158.217501 24 0 255 19 0 0.000000 -1218703360 
NODE: 48 158.217501 49 26 8 56 -1003896068 0.000000 -1218703360 
NODE: 40 178.626190 34 0 255 7 0 0.000000 -1218703360 
NODE: 40 178.626190 35 0 255 5 0 0.000000 -1218703360 
NODE: 40 178.626190 6 0 255 9 0 0.000000 -1218703360 
NODE: 40 178.626190 1 0 255 5 0 0.000000 -1218703360 
NODE: 40 178.626190 49 8 2 58 -1081153544 0.000000 -1218703360 
NODE: 40 178.626190 33 0 255 7 0 0.000000 -1218703360 
NODE: 40 178.626190 24 0 255 21 0 0.000000 -1218703360 
NODE: 40 178.626190 48 0 255 47 0 0.000000 -1218703360 
NODE: 8 186.536252 40 40 1 18 -46687240 0.000000 -1218703360 
NODE: 8 186.536252 34 0 255 7 0 0.000000 -1218703360 
NODE: 8 186.536252 35 0 255 5 0 0.000000 -1218703360 
NODE: 8 186.536252 6 0 255 9 0 0.000000 -1218703360 
NODE: 8 186.536252 1 0 255 5 0 0.000000 -1218703360 
NODE: 8 186.536252 33 0 255 7 0 0.000000 -1218703360 
NODE: 8 186.536252 49 44 2 62 -106541937 0.000000 -1218703360 
NODE: 8 186.536252 24 0 255 21 0 0.000000 -1218703360 
NODE: 8 186.536252 48 0 255 47 0 0.000000 -1218703360 
NODE: 48 2.628840 49 44 6 4 1151080603 0.000000 -1218299200 
NODE: 48 17.308337 49 19 7 6 776578641 0.000000 -1218299200 
NODE: 48 27.038749 49 44 8 10 -1230259206 0.000000 -1218299200 
NODE: 48 29.046614 49 21 8 12 1962111740 0.000000 -1218299200 
NODE: 48 37.855385 49 0 6 14 1034409710 0.000000 -1218299200 
NODE: 24 44.161917 49 30 2 16 -1242889409 0.000000 -1218299200 
NODE: 24 44.161917 48 17 5 16 618702662 0.000000 -1218299200 
NODE: 24 47.567142 49 33 2 18 433592359 0.000000 -1218299200 
NODE: 24 47.567142 48 17 5 16 618702662 0.000000 -1218299200 
NODE: 48 60.839349 24 0 4 18 -1748493332 0.000000 -1218299200 
NODE: 48 60.839349 49 0 7 18 -428831885 0.000000 -1218299200 
NODE: 48 60.857502 24 0 4 18 -1748493332 0.000000 -1218299200 
NODE: 48 60.857502 49 0 6 18 1318315452 0.000000 -1218299200 
NODE: 48 61.778472 24 0 4 18 -1748493332 0.000000 -1218299200 
NODE: 48 61.778472 49 0 6 20 2091857056 0.000000 -1218299200 
NODE: 24 62.010414 49 26 4 20 -1609480560 0.000000 -1218299200 
NODE: 24 62.010414 48 26 4 20 -725092255 0.000000 -1218299200 
NODE: 24 62.015227 49 9 3 20 2037404260 0.000000 -1218299200 
NODE: 24 62.015227 48 26 4 20 -725092255 0.000000 -1218299200 
NODE: 33 71.466955 49 36 2 22 -1746453735 0.000000 -1218299200 
NODE: 33 71.466955 24 0 255 21 0 0.000000 -1218299200 
NODE: 33 71.466955 48 9 5 20 -1394176820 0.000000 -1218299200 
NODE: 48 75.228540 24 0 255 19 0 0.000000 -1218299200 
NODE: 48 75.228540 49 0 6 26 1748973741 0.000000 -1218299200 
NODE: 48 77.798930 24 0 255 19 0 0.000000 -1218299200 
NODE: 48 77.798930 49 0 8 28 -1397090652 0.000000 -1218299200 
NODE: 48 80.987159 24 0 255 19 0 0.000000 -1218299200 
NODE: 48 80.987159 49 0 6 30 -1653334226 0.000000 -1218299200 
NODE: 1 102.336757 33 0 255 5 0 0.000000 -1218299200 
NODE: 1 102.336757 49 25 2 32 1804808956 0.000000 -1218299200 
NODE: 1 102.336757 24 0 255 21 0 0.000000 -1218299200 
NODE: 1 102.336757 48 0 255 27 0 0.000000 -1218299200 
NODE: 33 103.329397 1 1 1 4 -2139562691 0.000000 -1218299200 
NODE: 33 103.329397 49 6 4 32 -693230636 0.000000 -1218299200 
NODE: 33 103.329397 24 0 255 21 0 0.000000 -1218299200 
NODE: 33 103.329397 48 0 255 27 0 0.000000 -1218299200 
NODE: 33 103.357525 1 1 1 4 -2139562691 0.000000 -1218299200 
NODE: 33 103.357525 49 6 3 34 -1363733631 0.000000 -1218299200 
NODE: 33 103.357525 24 0 255 21 0 0.000000 -1218299200 
NODE: 33 103.357525 48 0 255 27 0 0.000000 -1218299200 
NODE: 6 112.041625 49 34 2 38 -57064736 0.000000 -1218299200 
NODE: 6 112.041625 1 0 255 5 0 0.000000 -1218299200 
NODE: 6 112.041625 33 33 1 6 -1894472604 0.000000 -1218299200 
NODE: 6 112.041625 24 0 255 21 0 0.000000 -1218299200 
NODE: 6 112.041625 48 0 255 27 0 0.000000 -1218299200 
NODE: 6 122.015116 49 13 2 40 -733875568 0.000000 -1218299200 
NODE: 6 122.015116 1 0 255 5 0 0.000000 -1218299200 
NODE: 6 122.015116 33 0 255 7 0 0.000000 -1218299200 
NODE: 6 122.015116 24 0 255 21 0 0.000000 -1218299200 
NODE: 6 122.015116 48 0 255 27 0 0.000000 -1218299200 
NODE: 48 126.522830 6 26 5 8 -660545732 0.000000 -1218299200 
NODE: 48 126.522830 24 0 255 19 0 0.000000 -1218299200 
NODE: 48 126.522830 49 26 7 40 104927056 0.000000 -1218299200 
NODE: 48 126.549694 6 26 5 8 -660545732 0.000000 -1218299200 
NODE: 48 126.549694 24 0 255 19 0 0.000000 -1218299200 
NODE: 48 126.549694 49 26 7 42 409986846 0.000000 -1218299200 
NODE: 35 131.580910 49 9 4 44 -784285068 0.000000 -1218299200 
NODE: 35 131.580910 6 0 255 9 0 0.000000 -1218299200 
NODE: 35 131.580910 1 0 255 5 0 0.000000 -1218299200 
NODE: 35 131.580910 33 0 255 7 0 0.000000 -1218299200 
NODE: 35 131.580910 24 0 255 21 0 0.000000 -1218299200 
NODE: 35 131.580910 48 39 4 28 -1983192804 0.000000 -1218299200 
NODE: 34 132.251311 35 13 3 4 609151983 0.000000 -1218299200 
NODE: 34 132.251311 49 25 2 46 -1121312218 0.000000 -1218299200 
NODE: 34 132.251311 6 0 255 9 0 0.000000 -1218299200 
NODE: 34 132.251311 1 0 255 5 0 0.000000 -1218299200 
NODE: 34 132.251311 33 0 255 7 0 0.000000 -1218299200 
NODE: 34 132.251311 24 0 255 21 0 0.000000 -1218299200 
NODE: 34 132.251311 48 38 7 28 -1598709595 0.000000 -1218299200 
NODE: 34 132.857380 35 13 3 4 609151983 0.000000 -1218299200 
NODE: 34 132.857380 49 31 3 48 -1470769472 0.000000 -1218299200 
NODE: 34 132.857380 6 0 255 9 0 0.000000 -1218299200 
NODE: 34 132.857380 1 0 255 5 0 0.000000 -1218299200 
NODE: 34 132.857380 33 0 255 7 0 0.000000 -1218299200 
NODE: 34 132.857380 24 0 255 21 0 0.000000 -1218299200 
NODE: 34 132.857380 48 0 255 29 0 0.000000 -1218299200 
NODE: 48 136.435814 6 0 255 9 0 0.000000 -1218299200 
NODE: 48 136.435814 24 0 255 19 0 0.000000 -1218299200 
NODE: 48 136.435814 49 2 7 48 805891488 0.000000 -1218299200 
NODE: 48 140.778418 6 0 255 9 0 0.000000 -1218299200 
NODE: 48 140.778418 24 0 255 19 0 0.000000 -1218299200 
NODE: 48 140.778418 49 0 6 50 -844051602 0.000000 -1218299200 
NODE: 40 140.838082 34 31 2 6 12039245 0.000000 -1218299200 
NODE: 40 140.838082 35 0 255 5 0 0.000000 -1218299200 
NODE: 40 140.838082 6 0 255 9 0 0.000000 -1218299200 
NODE: 40 140.838082 1 0 255 5 0 0.000000 -1218299200 
NODE: 40 140.838082 49 25 2 52 -1853190033 0.000000 -1218299200 
NODE: 40 140.838082 33 0 255 7 0 0.000000 -1218299200 
NODE: 40 140.838082 24 0 255 21 0 0.000000 -1218299200 
NODE: 40 140.838082 48 9 5 34 1293882302 0.000000 -1218299200 
NODE: 48 145.998371 40 0 6 16 1749216186 0.000000 -1218299200 
NODE: 48 145.998371 6 0 255 9 0 0.000000 -1218299200 
NODE: 48 145.998371 24 0 255 19 0 0.000000 -1218299200 
NODE: 48 145.998371 49 0 7 52 1046868 0.000000 -1218299200 
NODE: 48 156.089393 40 0 255 17 0 0.000000 -1218299200 
NODE: 48 156.089393 6 0 255 9 0 0.000000 -1218299200 
NODE: 48 156.089393 24 0 255 19 0 0.000000 -1218299200 
NODE: 48 156.089393 49 26 7 54 1307131988 0.000000 -1218299200 
NODE: 48 158.217501 40 0 255 17 0 0.000000 -1218299200 
NODE: 48 158.217501 6 0 255 9 0 0.000000 -1218299200 
NODE: 48 158.217501 24 0 255 19 0 0.000000 -1218299200 
NODE: 48 158.217501 49 26 8 56 -1003896068 0.000000 -1218299200 
NODE: 40 178.626190 34 0 255 7 0 0.000000 -1218299200 
NODE: 40 178.626190 35 0 255 5 0 0.000000 -1218299200 
NODE: 40 178.626190 6 0 255 9 0 0.000000 -1218299200 
NODE: 40 178.626190 1 0 255 5 0 0.000000 -1218299200 
NODE: 40 178.626190 49 8 2 58 -1081153544 0.000000 -1218299200 
NODE: 40 178.626190 33 0 255 7 0 0.000000 -1218299200 
NODE: 40 178.626190 24 0 255 21 0 0.000000 -1218299200 
NODE: 40 178.626190 48 0 255 47 0 0.000000 -1218299200 
NODE: 8 186.536252 40 40 1 18 -46687240 0.000000 -1218299200 
NODE: 8 186.536252 34 0 255 7 0 0.000000 -1218299200 
NODE: 8 186.536252 35 0 255 5 0 0.000000 -1218299200 
NODE: 8 186.536252 6 0 255 9 0 0.000000 -1218299200 
NODE: 8 186.536252 1 0 255 5 0 0.000000 -1218299200 
NODE: 8 186.536252 33 0 255 7 0 0.000000 -1218299200 
NODE: 8 186.536252 49 44 2 62 -106541937 0.000000 -1218299200 
NODE: 8 186.536252 24 0 255 21 0 0.000000 -1218299200 
NODE: 8 186.536252 48 0 255 47 0 0.000000 -1218299200 
